![wpn_aug_a3_custom_bas_hud]
	3ds_reticle_size = 6.5
	3ds_shadow_project = 4.05
	magnification = 6
lewd_lens_hide_enabled       = true
lewd_lens_hide_bone          = lens
lewd_lens_hide_delays        = 0.1,0
lewd_lens_hide_aim_mode      = true, false, false	
        aim_hud_offset_alt_pos           = -0.117213, -0.054948, -0.02
        aim_hud_offset_alt_pos_16x9      = -0.117213, -0.054948, -0.02
        aim_hud_offset_alt_rot           = 0.016048, 0.010188, 0.7
        aim_hud_offset_alt_rot_16x9      = 0.016048, 0.010188, 0.7
        aim_hud_offset_pos               = -0.059094, 0.015251, -0.154174
        aim_hud_offset_pos_16x9          = -0.059094, 0.015251, -0.154174
        aim_hud_offset_rot               = 0.016889, -0.00338, 0
        aim_hud_offset_rot_16x9          = 0.016889, -0.00338, 0
        base_hud_offset_pos              = 0.037126, 0.000852, 0
        base_hud_offset_pos_16x9         = 0.037126, 0.000852, 0
        base_hud_offset_rot              = 0.006828, -0.014083, 0
        base_hud_offset_rot_16x9         = 0.006828, -0.014083, 0
		
![wpn_aug_a3_custom_bas_uh2_hud]:wpn_aug_a3_custom_bas_hud
item_visual                              = dynamics\weapons\wpn_aug_a3_custom_bas\wpn_aug_a3_custom_bas_uh2_hud.ogf
        aim_hud_offset_pos               = -0.055711, 0.017632, -0.174997
        aim_hud_offset_pos_16x9          = -0.055711, 0.017632, -0.174997
        aim_hud_offset_rot               = 0.019837, -0.011076, 0.01
        aim_hud_offset_rot_16x9          = 0.019837, -0.011076, 0.01